101110110001010001110101000010101010101011111010000000000000000000000000
101110110001010001110101000010101010101011111010000000000000000000000000
101110110001010001110101000010101010101011111010000000000000000000000000
101110110001010001101001000010101010101011111010000000000000000000000000
101110110001010001101001000010101010101011111010000000000000000000000000
101110110001010001101001000010101010101011111010000000000000000000000000
101110110001010001011101000010101010101011111010000000000000000000000000
101110110001010001011101000010101010101011111010000000000000000000000000
101110110001010001011101000010101010101011111010000000000000000000000000
101110110001010001000001000010101010101011111010000000000000000000000000
101110110001010001000001000010101010101011111010000000000000000000000000
101110110001010001000001000010101010101011111010000000000000000000000000
101110110001010000110011000010101010101011111010000000000000000000000000
101110110001010000110011000010101010101011111010000000000000000000000000
101110110001010000110011000010101010101011111010000000000000000000000000
101110110001010000100110000010101010101011111010000000000000000000000000
101110110001010000100110000010101010101011111010000000000000000000000000
101110110001010000100110000010101010101011111010000000000000000000000000
101110110001010000001010000010101010101011111010000000000000000000000000
101110110001010000001010000010101010101011111010000000000000000000000000
101110110001010000001010000010101010101011111010000000000000000000000000
101110110001001111110111000010101010101011111010000000000000000000000000
101110110001001111110111000010101010101011111010000000000000000000000000
101110110001001111110111000010101010101011111010000000000000000000000000
101110110001001111110101000010101010101011111010000000000000000000000000
101110110001001111110101000010101010101011111010000000000000000000000000
101110110001001111110101000010101010101011111010000000000000000000000000
101110110001001111100001000010101010101011111010000000000000000000000000
101110110001001111100001000010101010101011111010000000000000000000000000
101110110001001111100001000010101010101011111010000000000000000000000000
101110110001001111010100000010101010101011111010000000000000000000000000
101110110001001111010100000010101010101011111010000000000000000000000000
101110110001001111001000000010101010101011111010000000000000000000000000
101110110001001111001000000010101010101011111010000000000000000000000000
101110110001001111001000000010101010101011111010000000000000000000000000
101110110001001110100101000010101010101011111010000000000000000000000000
101110110001001110100101000010101010101011111010000000000000000000000000
101110110001001110100101000010101010101011111010000000000000000000000000
101110110001001110100001000010101010101011111010000000000000000000000000
101110110001001110100001000010101010101011111010000000000000000000000000
101110110001001110100001000010101010101011111010000000000000000000000000
101110110001001110001010000010101010101011111010000000000000000000000000
101110110001001110001010000010101010101011111010000000000000000000000000
101110110001001110001010000010101010101011111010000000000000000000000000
101110110001001101101111000010101010101011111010000000000000000000000000
101110110001001101101111000010101010101011111010000000000000000000000000
101110110001001101101111000010101010101011111010000000000000000000000000
101110110001001101110011000010101010101011111010000000000000000000000000
101110110001001101110011000010101010101011111010000000000000000000000000
101110110001001101110011000010101010101011111010000000000000000000000000
101110110001001101011100000010101010101011111010000000000000000000000000
101110110001001101011100000010101010101011111010000000000000000000000000
101110110001001101011100000010101010101011111010000000000000000000000000
101110110001001101001011000010101010101011111010000000000000000000000000
101110110001001101001011000010101010101011111010000000000000000000000000
101110110001001101001011000010101010101011111010000000000000000000000000
101110110001001101001001000010101010101011111010000000000000000000000000
101110110001001101001001000010101010101011111010000000000000000000000000
101110110001001101001001000010101010101011111010000000000000000000000000
101110110001001100110111000010101010101011111010000000000000000000000000
101110110001001100110111000010101010101011111010000000000000000000000000
101110110001001100110111000010101010101011111010000000000000000000000000
101110110001001100011000000010101010101011111010000000000000000000000000
101110110001001100011000000010101010101011111010000000000000000000000000
101110110001001100011000000010101010101011111010000000000000000000000000
101110110001001100010001000010101010101011111010000000000000000000000000
101110110001001100010001000010101010101011111010000000000000000000000000
101110110001001100010001000010101010101011111010000000000000000000000000
101110110001001100001000000010101010101011111010000000000000000000000000
101110110001001100001000000010101010101011111010000000000000000000000000
101110110001001100001000000010101010101011111010000000000000000000000000
101110110001001011110100000010101010101011111010000000000000000000000000
101110110001001011110100000010101010101011111010000000000000000000000000
101110110001001011110100000010101010101011111010000000000000000000000000
101110110001001011101101000010101010101011111010000000000000000000000000
101110110001001011101101000010101010101011111010000000000000000000000000
101110110001001011101101000010101010101011111010000000000000000000000000
101110110001001011011101000010101010101011111010000000000000000000000000
101110110001001011011101000010101010101011111010000000000000000000000000
101110110001001011011101000010101010101011111010000000000000000000000000
101110110001001011000110000010101010101011111010000000000000000000000000
101110110001001011000110000010101010101011111010000000000000000000000000
101110110001001011000110000010101010101011111010000000000000000000000000
101110110001001011000001000010101010101011111010000000000000000000000000
101110110001001011000001000010101010101011111010000000000000000000000000
101110110001001011000001000010101010101011111010000000000000000000000000
101110110001001010110100000010101010101011111010000000000000000000000000
101110110001001010110100000010101010101011111010000000000000000000000000
101110110001001010110100000010101010101011111010000000000000000000000000
101110110001001010100100000010101010101011111010000000000000000000000000
101110110001001010100100000010101010101011111010000000000000000000000000
101110110001001010100100000010101010101011111010000000000000000000000000
101110110001001010011001000010101010101011111010000000000000000000000000
101110110001001010011001000010101010101011111010000000000000000000000000
101110110001001010011001000010101010101011111010000000000000000000000000
101110110001001010001110000010101010101011111010000000000000000000000000
101110110001001010001110000010101010101011111010000000000000000000000000
101110110001001010001110000010101010101011111010000000000000000000000000
101110110001001001111000000010101010101011111010000000000000000000000000
101110110001001001111000000010101010101011111010000000000000000000000000
101110110001001001111000000010101010101011111010000000000000000000000000
101110110001001001101110000010101010101011111010000000000000000000000000
101110110001001001101110000010101010101011111010000000000000000000000000
101110110001001001101110000010101010101011111010000000000000000000000000
101110110001001001101100000010101010101011111010000000000000000000000000
101110110001001001101100000010101010101011111010000000000000000000000000
101110110001001001101100000010101010101011111010000000000000000000000000
101110110001001001010000000010101010101011111010000000000000000000000000
101110110001001001010000000010101010101011111010000000000000000000000000
101110110001001001010000000010101010101011111010000000000000000000000000
101110110001001001001010000010101010101011111010000000000000000000000000
101110110001001001001010000010101010101011111010000000000000000000000000
101110110001001001001010000010101010101011111010000000000000000000000000
101110110001001001000011000010101010101011111010000000000000000000000000
101110110001001001000011000010101010101011111010000000000000000000000000
101110110001001001000011000010101010101011111010000000000000000000000000
101110110001001000110000000010101010101011111010000000000000000000000000
101110110001001000110000000010101010101011111010000000000000000000000000
101110110001001000110000000010101010101011111010000000000000000000000000
101110110001001000110000000010101010101011111010000000000000000000000000
101110110001001000110000000010101010101011111010000000000000000000000000
101110110001001000011110000010101010101011111010000000000000000000000000
101110110001001000011110000010101010101011111010000000000000000000000000
101110110001001000011110000010101010101011111010000000000000000000000000
101110110001001000010000000010101010101011111010000000000000000000000000
101110110001001000010000000010101010101011111010000000000000000000000000
101110110001001000010000000010101010101011111010000000000000000000000000
101110110001001000001100000010101010101011111010000000000000000000000000
101110110001001000001100000010101010101011111010000000000000000000000000
101110110001001000001100000010101010101011111010000000000000000000000000
101110110001001000000011000010101010101011111010000000000000000000000000
101110110001001000000011000010101010101011111010000000000000000000000000
101110110001001000000011000010101010101011111010000000000000000000000000
101110110001000111110001000010101010101011111010000000000000000000000000
101110110001000111110001000010101010101011111010000000000000000000000000
101110110001000111110001000010101010101011111010000000000000000000000000
101110110001000111100101000010101010101011111010000000000000000000000000
101110110001000111100101000010101010101011111010000000000000000000000000
101110110001000111100101000010101010101011111010000000000000000000000000
101110110001000111100010000010101010101011111010000000000000000000000000
101110110001000111100010000010101010101011111010000000000000000000000000
101110110001000111100010000010101010101011111010000000000000000000000000
101110110001000111010101000010101010101011111010000000000000000000000000
101110110001000111010101000010101010101011111010000000000000000000000000
101110110001000111010101000010101010101011111010000000000000000000000000
101110110001000111001011000010101010101011111010000000000000000000000000
101110110001000111001011000010101010101011111010000000000000000000000000
101110110001000111001011000010101010101011111010000000000000000000000000
101110110001000111000101000010101010101011111010000000000000000000000000
101110110001000111000101000010101010101011111010000000000000000000000000
101110110001000111000101000010101010101011111010000000000000000000000000
101110110001000110111001000010101010101011111010000000000000000000000000
101110110001000110111001000010101010101011111010000000000000000000000000
101110110001000110111001000010101010101011111010000000000000000000000000
101110110001000110111000000010101010101011111010000000000000000000000000
101110110001000110111000000010101010101011111010000000000000000000000000
101110110001000110111000000010101010101011111010000000000000000000000000
101110110001000110101001000010101010101011111010000000000000000000000000
101110110001000110101001000010101010101011111010000000000000000000000000
101110110001000110101001000010101010101011111010000000000000000000000000
101110110001000110011110000010101010101011111010000000000000000000000000
101110110001000110011110000010101010101011111010000000000000000000000000
101110110001000110011110000010101010101011111010000000000000000000000000
101110110001000110011110000010101010101011111010000000000000000000000000
101110110001000110011110000010101010101011111010000000000000000000000000
101110110001000110011110000010101010101011111010000000000000000000000000
101110110001000110010011000010101010101011111010000000000000000000000000
101110110001000110010011000010101010101011111010000000000000000000000000
101110110001000110010011000010101010101011111010000000000000000000000000
101110110001000110000110000010101010101011111010000000000000000000000000
101110110001000110000110000010101010101011111010000000000000000000000000
101110110001000110000110000010101010101011111010000000000000000000000000
101110110001000101111110000010101010101011111010000000000000000000000000
101110110001000101111110000010101010101011111010000000000000000000000000
101110110001000101111110000010101010101011111010000000000000000000000000
101110110001000101111100000010101010101011111010000000000000000000000000
101110110001000101111100000010101010101011111010000000000000000000000000
101110110001000101111100000010101010101011111010000000000000000000000000
101110110001000101101101000010101010101011111010000000000000000000000000
101110110001000101101101000010101010101011111010000000000000000000000000
101110110001000101101101000010101010101011111010000000000000000000000000
101110110001000101101011000010101010101011111010000000000000000000000000
101110110001000101101011000010101010101011111010000000000000000000000000
101110110001000101101011000010101010101011111010000000000000000000000000
101110110001000101100110000010101010101011111010000000000000000000000000
101110110001000101100110000010101010101011111010000000000000000000000000
101110110001000101100110000010101010101011111010000000000000000000000000
101110110001000101010011000010101010101011111010000000000000000000000000
101110110001000101010011000010101010101011111010000000000000000000000000
101110110001000101010011000010101010101011111010000000000000000000000000
101110110001000101001101000010101010101011111010000000000000000000000000
101110110001000101001101000010101010101011111010000000000000000000000000
101110110001000101001101000010101010101011111010000000000000000000000000
101110110001000101010001000010101010101011111010000000000000000000000000
101110110001000101010001000010101010101011111010000000000000000000000000
101110110001000101010001000010101010101011111010000000000000000000000000
101110110001000101000100000010101010101011111010000000000000000000000000
101110110001000101000100000010101010101011111010000000000000000000000000
101110110001000101000100000010101010101011111010000000000000000000000000
101110110001000101000001000010101010101011111010000000000000000000000000
101110110001000101000001000010101010101011111010000000000000000000000000
101110110001000101000001000010101010101011111010000000000000000000000000
101110110001000100111001000010101010101011111010000000000000000000000000
101110110001000100111001000010101010101011111010000000000000000000000000
101110110001000100111001000010101010101011111010000000000000000000000000
101110110001000100110011000010101010101011111010000000000000000000000000
101110110001000100110011000010101010101011111010000000000000000000000000
101110110001000100110011000010101010101011111010000000000000000000000000
101110110001000100101110000010101010101011111010000000000000000000000000
101110110001000100101110000010101010101011111010000000000000000000000000
101110110001000100101110000010101010101011111010000000000000000000000000
101110110001000100101111000010101010101011111010000000000000000000000000
101110110001000100101111000010101010101011111010000000000000000000000000
101110110001000100101111000010101010101011111010000000000000000000000000
101110110001000100100100000010101010101011111010000000000000000000000000
101110110001000100100100000010101010101011111010000000000000000000000000
101110110001000100100100000010101010101011111010000000000000000000000000
101110110001000100100010000010101010101011111010000000000000000000000000
101110110001000100100010000010101010101011111010000000000000000000000000
101110110001000100100010000010101010101011111010000000000000000000000000
101110110001000100011100000010101010101011111010000000000000000000000000
101110110001000100011100000010101010101011111010000000000000000000000000
101110110001000100011100000010101010101011111010000000000000000000000000
101110110001000100010011000010101010101011111010000000000000000000000000
101110110001000100010011000010101010101011111010000000000000000000000000
101110110001000100010011000010101010101011111010000000000000000000000000
101110110001000100001111000010101010101011111010000000000000000000000000
101110110001000100001111000010101010101011111010000000000000000000000000
101110110001000100001111000010101010101011111010000000000000000000000000
101110110001000100001101000010101010101011111010000000000000000000000000
101110110001000100001101000010101010101011111010000000000000000000000000
101110110001000100001101000010101010101011111010000000000000000000000000
101110110001000100001000000010101010101011111010000000000000000000000000
101110110001000100001000000010101010101011111010000000000000000000000000
101110110001000100001000000010101010101011111010000000000000000000000000
101110110001000100000100000010101010101011111010000000000000000000000000
101110110001000100000100000010101010101011111010000000000000000000000000
101110110001000100000101000010101010101011111010000000000000000000000000
101110110001000100000101000010101010101011111010000000000000000000000000
101110110001000100000101000010101010101011111010000000000000000000000000
101110110001000011111101000010101010101011111010000000000000000000000000
101110110001000011111101000010101010101011111010000000000000000000000000
101110110001000011111101000010101010101011111010000000000000000000000000
101110110001000011110111000010101010101011111010000000000000000000000000
101110110001000011110111000010101010101011111010000000000000000000000000
101110110001000011110111000010101010101011111010000000000000000000000000
101110110001000011110111000010101010101011111010000000000000000000000000
101110110001000011110111000010101010101011111010000000000000000000000000
101110110001000011110111000010101010101011111010000000000000000000000000
101110110001000011110110000010101010101011111010000000000000000000000000
101110110001000011110110000010101010101011111010000000000000000000000000
101110110001000011110110000010101010101011111010000000000000000000000000
101110110001000011110000000010101010101011111010000000000000000000000000
101110110001000011110000000010101010101011111010000000000000000000000000
101110110001000011110000000010101010101011111010000000000000000000000000
101110110001000011101000000010101010101011111010000000000000000000000000
101110110001000011101000000010101010101011111010000000000000000000000000
101110110001000011101000000010101010101011111010000000000000000000000000
101110110001000011101001000010101010101011111010000000000000000000000000
101110110001000011101001000010101010101011111010000000000000000000000000
101110110001000011101001000010101010101011111010000000000000000000000000
101110110001000011100010000010101010101011111010000000000000000000000000
101110110001000011100010000010101010101011111010000000000000000000000000
101110110001000011100010000010101010101011111010000000000000000000000000
101110110001000011100010000010101010101011111010000000000000000000000000
101110110001000011100010000010101010101011111010000000000000000000000000
101110110001000011100010000010101010101011111010000000000000000000000000
101110110001000011011111000010101010101011111010000000000000000000000000
101110110001000011011111000010101010101011111010000000000000000000000000
101110110001000011011111000010101010101011111010000000000000000000000000
101110110001000011011011000010101010101011111010000000000000000000000000
101110110001000011011011000010101010101011111010000000000000000000000000
101110110001000011011011000010101010101011111010000000000000000000000000
101110110001000011011011000010101010101011111010000000000000000000000000
101110110001000011011011000010101010101011111010000000000000000000000000
101110110001000011011011000010101010101011111010000000000000000000000000
101110110001000011011011000010101010101011111010000000000000000000000000
101110110001000011011011000010101010101011111010000000000000000000000000
101110110001000011011011000010101010101011111010000000000000000000000000
101110110001000011011011000010101010101011111010000000000000000000000000
101110110001000011011011000010101010101011111010000000000000000000000000
101110110001000011011011000010101010101011111010000000000000000000000000
101110110001000011010000000010101010101011111010000000000000000000000000
101110110001000011010000000010101010101011111010000000000000000000000000
101110110001000011010000000010101010101011111010000000000000000000000000
101110110001000011011000000010101010101011111010000000000000000000000000
101110110001000011011000000010101010101011111010000000000000000000000000
101110110001000011011000000010101010101011111010000000000000000000000000
101110110001000011010001000010101010101011111010000000000000000000000000
101110110001000011010001000010101010101011111010000000000000000000000000
101110110001000011010001000010101010101011111010000000000000000000000000
101110110001000011001111000010101010101011111010000000000000000000000000
101110110001000011001111000010101010101011111010000000000000000000000000
101110110001000011001111000010101010101011111010000000000000000000000000
101110110001000011011011000010101010101011111010000000000000000000000000
101110110001000011011011000010101010101011111010000000000000000000000000
101110110001000011011011000010101010101011111010000000000000000000000000
101110110001000011010001000010101010101011111010000000000000000000000000
101110110001000011010001000010101010101011111010000000000000000000000000
101110110001000011010001000010101010101011111010000000000000000000000000
101110110001000011001010000010101010101011111010000000000000000000000000
101110110001000011001010000010101010101011111010000000000000000000000000
101110110001000011001010000010101010101011111010000000000000000000000000
101110110001000011010100000010101010101011111010000000000000000000000000
101110110001000011010100000010101010101011111010000000000000000000000000
101110110001000011010100000010101010101011111010000000000000000000000000
101110110001000011001110000010101010101011111010000000000000000000000000
101110110001000011001110000010101010101011111010000000000000000000000000
101110110001000011001110000010101010101011111010000000000000000000000000
101110110001000011001110000010101010101011111010000000000000000000000000
101110110001000011001110000010101010101011111010000000000000000000000000
101110110001000011001110000010101010101011111010000000000000000000000000
101110110001000011001010000010101010101011111010000000000000000000000000
101110110001000011001010000010101010101011111010000000000000000000000000
101110110001000011001010000010101010101011111010000000000000000000000000
101110110001000011001010000010101010101011111010000000000000000000000000
101110110001000011001010000010101010101011111010000000000000000000000000
101110110001000011001010000010101010101011111010000000000000000000000000
101110110001000011001000000010101010101011111010000000000000000000000000
101110110001000011001000000010101010101011111010000000000000000000000000
101110110001000011001000000010101010101011111010000000000000000000000000
101110110001000011001000000010101010101011111010000000000000000000000000
101110110001000011001000000010101010101011111010000000000000000000000000
101110110001000011001000000010101010101011111010000000000000000000000000
101110110001000011001000000010101010101011111010000000000000000000000000
101110110001000011001000000010101010101011111010000000000000000000000000
101110110001000011001000000010101010101011111010000000000000000000000000
101110110001000011000110000010101010101011111010000000000000000000000000
101110110001000011000110000010101010101011111010000000000000000000000000
101110110001000011000110000010101010101011111010000000000000000000000000
101110110001000011010100000010101010101011111010000000000000000000000000
101110110001000011010100000010101010101011111010000000000000000000000000
101110110001000011010100000010101010101011111010000000000000000000000000
101110110001000011001101000010101010101011111010000000000000000000000000
101110110001000011001101000010101010101011111010000000000000000000000000
101110110001000011001101000010101010101011111010000000000000000000000000
101110110001000011010000000010101010101011111010000000000000000000000000
101110110001000011010000000010101010101011111010000000000000000000000000
101110110001000011010000000010101010101011111010000000000000000000000000
101110110001000011010101000010101010101011111010000000000000000000000000
101110110001000011010101000010101010101011111010000000000000000000000000
101110110001000011010101000010101010101011111010000000000000000000000000
101110110001000011011010000010101010101011111010000000000000000000000000
101110110001000011011010000010101010101011111010000000000000000000000000
101110110001000011011010000010101010101011111010000000000000000000000000
101110110001000011010100000010101010101011111010000000000000000000000000
101110110001000011010100000010101010101011111010000000000000000000000000
101110110001000011010100000010101010101011111010000000000000000000000000
101110110001000011011100000010101010101011111010000000000000000000000000
101110110001000011011100000010101010101011111010000000000000000000000000
101110110001000011011100000010101010101011111010000000000000000000000000
101110110001000011011010000010101010101011111010000000000000000000000000
101110110001000011011010000010101010101011111010000000000000000000000000
101110110001000011011010000010101010101011111010000000000000000000000000
101110110001000011011110000010101010101011111010000000000000000000000000
101110110001000011011110000010101010101011111010000000000000000000000000
101110110001000011011110000010101010101011111010000000000000000000000000
101110110001000011100101000010101010101011111010000000000000000000000000
101110110001000011100101000010101010101011111010000000000000000000000000
101110110001000011100101000010101010101011111010000000000000000000000000
101110110001000011011110000010101010101011111010000000000000000000000000
101110110001000011011110000010101010101011111010000000000000000000000000
101110110001000011011110000010101010101011111010000000000000000000000000
101110110001000011010111000010101010101011111010000000000000000000000000
101110110001000011010111000010101010101011111010000000000000000000000000
101110110001000011010111000010101010101011111010000000000000000000000000
101110110001000011100001000010101010101011111010000000000000000000000000
101110110001000011100001000010101010101011111010000000000000000000000000
101110110001000011100001000010101010101011111010000000000000000000000000
101110110001000011100011000010101010101011111010000000000000000000000000
101110110001000011100011000010101010101011111010000000000000000000000000
101110110001000011100011000010101010101011111010000000000000000000000000
101110110001000011011101000010101010101011111010000000000000000000000000
101110110001000011011101000010101010101011111010000000000000000000000000
101110110001000011011101000010101010101011111010000000000000000000000000
101110110001000011101011000010101010101011111010000000000000000000000000
101110110001000011101011000010101010101011111010000000000000000000000000
101110110001000011101011000010101010101011111010000000000000000000000000
101110110001000011110100000010101010101011111010000000000000000000000000
101110110001000011110100000010101010101011111010000000000000000000000000
101110110001000011110100000010101010101011111010000000000000000000000000
101110110001000011101100000010101010101011111010000000000000000000000000
101110110001000011101100000010101010101011111010000000000000000000000000
101110110001000011101100000010101010101011111010000000000000000000000000
101110110001000011101100000010101010101011111010000000000000000000000000
101110110001000011101100000010101010101011111010000000000000000000000000
101110110001000011101100000010101010101011111010000000000000000000000000
101110110001000011101110000010101010101011111010000000000000000000000000
101110110001000011101110000010101010101011111010000000000000000000000000
101110110001000011101110000010101010101011111010000000000000000000000000
101110110001000011100111000010101010101011111010000000000000000000000000
101110110001000011100111000010101010101011111010000000000000000000000000
101110110001000011100111000010101010101011111010000000000000000000000000
101110110001000011100110000010101010101011111010000000000000000000000000
101110110001000011100110000010101010101011111010000000000000000000000000
101110110001000011100110000010101010101011111010000000000000000000000000
101110110001000011100110000010101010101011111010000000000000000000000000
101110110001000011100110000010101010101011111010000000000000000000000000
101110110001000011110101000010101010101011111010000000000000000000000000
101110110001000011110101000010101010101011111010000000000000000000000000
101110110001000011110101000010101010101011111010000000000000000000000000
101110110001000011111100000010101010101011111010000000000000000000000000
101110110001000011111100000010101010101011111010000000000000000000000000
101110110001000011111100000010101010101011111010000000000000000000000000
101110110001000100000001000010101010101011111010000000000000000000000000
101110110001000100000001000010101010101011111010000000000000000000000000
101110110001000100000001000010101010101011111010000000000000000000000000
101110110001000100000011000010101010101011111010000000000000000000000000
101110110001000100000011000010101010101011111010000000000000000000000000
101110110001000100000011000010101010101011111010000000000000000000000000
101110110001000100010000000010101010101011111010000000000000000000000000
101110110001000100010000000010101010101011111010000000000000000000000000
101110110001000100010000000010101010101011111010000000000000000000000000
101110110001000100000010000010101010101011111010000000000000000000000000
101110110001000100000010000010101010101011111010000000000000000000000000
101110110001000100000010000010101010101011111010000000000000000000000000
101110110001000100001010000010101010101011111010000000000000000000000000
101110110001000100001010000010101010101011111010000000000000000000000000
101110110001000100001010000010101010101011111010000000000000000000000000
101110110001000100010101000010101010101011111010000000000000000000000000
101110110001000100010101000010101010101011111010000000000000000000000000
101110110001000100010101000010101010101011111010000000000000000000000000
101110110001000100011001000010101010101011111010000000000000000000000000
101110110001000100011001000010101010101011111010000000000000000000000000
101110110001000100011001000010101010101011111010000000000000000000000000
101110110001000100011101000010101010101011111010000000000000000000000000
101110110001000100011101000010101010101011111010000000000000000000000000
101110110001000100011101000010101010101011111010000000000000000000000000
101110110001000100000001000010101010101011111010000000000000000000000000
101110110001000100000001000010101010101011111010000000000000000000000000
101110110001000100000001000010101010101011111010000000000000000000000000
101110110001000100000011000010101010101011111010000000000000000000000000
101110110001000100000011000010101010101011111010000000000000000000000000
101110110001000100000011000010101010101011111010000000000000000000000000
101110110001000100011000000010101010101011111010000000000000000000000000
101110110001000100011000000010101010101011111010000000000000000000000000
101110110001000100011000000010101010101011111010000000000000000000000000
101110110001000100100101000010101010101011111010000000000000000000000000
101110110001000100100101000010101010101011111010000000000000000000000000
101110110001000100100101000010101010101011111010000000000000000000000000
101110110001000100010100000010101010101011111010000000000000000000000000
101110110001000100010100000010101010101011111010000000000000000000000000
101110110001000100010100000010101010101011111010000000000000000000000000
101110110001000100000001000010101010101011111010000000000000000000000000
101110110001000100000001000010101010101011111010000000000000000000000000
101110110001000100000001000010101010101011111010000000000000000000000000
101110110001000100111000000010101010101011111010000000000000000000000000
101110110001000100111000000010101010101011111010000000000000000000000000
101110110001000100111000000010101010101011111010000000000000000000000000
101110110001000100110110000010101010101011111010000000000000000000000000
101110110001000100110110000010101010101011111010000000000000000000000000
101110110001000100110110000010101010101011111010000000000000000000000000
101110110001000101000000000010101010101011111010000000000000000000000000
101110110001000101000000000010101010101011111010000000000000000000000000
101110110001000101000000000010101010101011111010000000000000000000000000
101110110001110110001100000010101010101011111010000000000000000000000000
101110110001110110001100000010101010101011111010000000000000000000000000
101110110001110110001100000010101010101011111010000000000000000000000000
101110110001110101010111000010101010101011111010000000000000000000000000
101110110001110101010111000010101010101011111010000000000000000000000000
101110110001110101010111000010101010101011111010000000000000000000000000
101110110001110101100111000010101010101011111010000000000000000000000000
101110110001110101100111000010101010101011111010000000000000000000000000
101110110001110101100111000010101010101011111010000000000000000000000000
101110110001110101011010000010101010101011111010000000000000000000000000
101110110001110101011010000010101010101011111010000000000000000000000000
101110110001110101011010000010101010101011111010000000000000000000000000
101110110001110100111011000010101010101011111010000000000000000000000000
101110110001110100111011000010101010101011111010000000000000000000000000
101110110001110100111011000010101010101011111010000000000000000000000000
101110110001110100101110000010101010101011111010000000000000000000000000
101110110001110100101110000010101010101011111010000000000000000000000000
101110110001110100101110000010101010101011111010000000000000000000000000
101110110001110100011111000010101010101011111010000000000000000000000000
101110110001110100011111000010101010101011111010000000000000000000000000
101110110001110100011111000010101010101011111010000000000000000000000000
101110110001110011110111000010101010101011111010000000000000000000000000
101110110001110011110111000010101010101011111010000000000000000000000000
101110110001110011110111000010101010101011111010000000000000000000000000
101110110001110011110011000010101010101011111010000000000000000000000000
101110110001110011110011000010101010101011111010000000000000000000000000
101110110001110011110011000010101010101011111010000000000000000000000000
101110110001110011100001000010101010101011111010000000000000000000000000
101110110001110011100001000010101010101011111010000000000000000000000000
101110110001110011100001000010101010101011111010000000000000000000000000
101110110001110010101000000010101010101011111010000000000000000000000000
101110110001110010101000000010101010101011111010000000000000000000000000
101110110001110010101000000010101010101011111010000000000000000000000000
101110110001110010011011000010101010101011111010000000000000000000000000
101110110001110010011011000010101010101011111010000000000000000000000000
101110110001110010011011000010101010101011111010000000000000000000000000
101110110001110010010111000010101010101011111010000000000000000000000000
101110110001110010010111000010101010101011111010000000000000000000000000
101110110001110010010111000010101010101011111010000000000000000000000000
101110110001110001100001000010101010101011111010000000000000000000000000
101110110001110001100001000010101010101011111010000000000000000000000000
101110110001110001100001000010101010101011111010000000000000000000000000
101110110001110000110001000010101010101011111010000000000000000000000000
101110110001110000110001000010101010101011111010000000000000000000000000
101110110001110000110001000010101010101011111010000000000000000000000000
101110110001110000010101000010101010101011111010000000000000000000000000
101110110001110000010101000010101010101011111010000000000000000000000000
101110110001110000010101000010101010101011111010000000000000000000000000
101110110001101111011101000010101010101011111010000000000000000000000000
101110110001101111011101000010101010101011111010000000000000000000000000
101110110001101111011101000010101010101011111010000000000000000000000000
101110110001101111011101000010101010101011111010000000000000000000000000
101110110001101111011101000010101010101011111010000000000000000000000000
101110110001101111011101000010101010101011111010000000000000000000000000
101110110001101111001010000010101010101011111010000000000000000000000000
101110110001101111001010000010101010101011111010000000000000000000000000
101110110001101111001010000010101010101011111010000000000000000000000000
101110110001101110010000000010101010101011111010000000000000000000000000
101110110001101110010000000010101010101011111010000000000000000000000000
101110110001101110010000000010101010101011111010000000000000000000000000
101110110001101101100100000010101010101011111010000000000000000000000000
101110110001101101100100000010101010101011111010000000000000000000000000
101110110001101101100100000010101010101011111010000000000000000000000000
101110110001101101000011000010101010101011111010000000000000000000000000
101110110001101101000011000010101010101011111010000000000000000000000000
101110110001101101000011000010101010101011111010000000000000000000000000
101110110001101100100010000010101010101011111010000000000000000000000000
101110110001101100100010000010101010101011111010000000000000000000000000
101110110001101100100010000010101010101011111010000000000000000000000000
101110110001101011101110000010101010101011111010000000000000000000000000
101110110001101011101110000010101010101011111010000000000000000000000000
101110110001101011101110000010101010101011111010000000000000000000000000
101110110001101011101100000010101010101011111010000000000000000000000000
101110110001101011101100000010101010101011111010000000000000000000000000
101110110001101011101100000010101010101011111010000000000000000000000000
101110110001101010100001000010101010101011111010000000000000000000000000
101110110001101010100001000010101010101011111010000000000000000000000000
101110110001101010100001000010101010101011111010000000000000000000000000
101110110001101010101111000010101010101011111010000000000000000000000000
101110110001101010101111000010101010101011111010000000000000000000000000
101110110001101010101111000010101010101011111010000000000000000000000000
101110110001101010001001000010101010101011111010000000000000000000000000
101110110001101010001001000010101010101011111010000000000000000000000000
101110110001101010001001000010101010101011111010000000000000000000000000
101110110001101001101011000010101010101011111010000000000000000000000000
101110110001101001101011000010101010101011111010000000000000000000000000
101110110001101001101011000010101010101011111010000000000000000000000000
101110110001101000111100000010101010101011111010000000000000000000000000
101110110001101000111100000010101010101011111010000000000000000000000000
101110110001101000111100000010101010101011111010000000000000000000000000
101110110001101000101011000010101010101011111010000000000000000000000000
101110110001101000101011000010101010101011111010000000000000000000000000
101110110001101000000100000010101010101011111010000000000000000000000000
101110110001101000000100000010101010101011111010000000000000000000000000
101110110001101000000100000010101010101011111010000000000000000000000000
101110110001100111101110000010101010101011111010000000000000000000000000
101110110001100111101110000010101010101011111010000000000000000000000000
101110110001100111101110000010101010101011111010000000000000000000000000
101110110001100111011011000010101010101011111010000000000000000000000000
101110110001100111011011000010101010101011111010000000000000000000000000
101110110001100111011011000010101010101011111010000000000000000000000000
101110110001100110101011000010101010101011111010000000000000000000000000
101110110001100110101011000010101010101011111010000000000000000000000000
101110110001100110101011000010101010101011111010000000000000000000000000
101110110001100110001001000010101010101011111010000000000000000000000000
101110110001100110001001000010101010101011111010000000000000000000000000
101110110001100110001001000010101010101011111010000000000000000000000000
101110110001100101110001000010101010101011111010000000000000000000000000
101110110001100101110001000010101010101011111010000000000000000000000000
101110110001100101110001000010101010101011111010000000000000000000000000
101110110001100101001011000010101010101011111010000000000000000000000000
101110110001100101001011000010101010101011111010000000000000000000000000
101110110001100101001011000010101010101011111010000000000000000000000000
101110110001100100111100000010101010101011111010000000000000000000000000
101110110001100100111100000010101010101011111010000000000000000000000000
101110110001100100111100000010101010101011111010000000000000000000000000
101110110001100100010010000010101010101011111010000000000000000000000000
101110110001100100010010000010101010101011111010000000000000000000000000
101110110001100100010010000010101010101011111010000000000000000000000000
101110110001100011111001000010101010101011111010000000000000000000000000
101110110001100011111001000010101010101011111010000000000000000000000000
101110110001100011111001000010101010101011111010000000000000000000000000
101110110001100011100010000010101010101011111010000000000000000000000000
101110110001100011100010000010101010101011111010000000000000000000000000
101110110001100011100010000010101010101011111010000000000000000000000000
101110110001100011010001000010101010101011111010000000000000000000000000
101110110001100011010001000010101010101011111010000000000000000000000000
101110110001100011010001000010101010101011111010000000000000000000000000
101110110001100010100010000010101010101011111010000000000000000000000000
101110110001100010100010000010101010101011111010000000000000000000000000
101110110001100010100010000010101010101011111010000000000000000000000000
101110110001100010010011000010101010101011111010000000000000000000000000
101110110001100010010011000010101010101011111010000000000000000000000000
101110110001100010010011000010101010101011111010000000000000000000000000
101110110001100001110110000010101010101011111010000000000000000000000000
101110110001100001110110000010101010101011111010000000000000000000000000
101110110001100001110110000010101010101011111010000000000000000000000000
101110110001100001001001000010101010101011111010000000000000000000000000
101110110001100001001001000010101010101011111010000000000000000000000000
101110110001100001001001000010101010101011111010000000000000000000000000
101110110001100000111011000010101010101011111010000000000000000000000000
101110110001100000111011000010101010101011111010000000000000000000000000
101110110001100000111011000010101010101011111010000000000000000000000000
101110110001100000011101000010101010101011111010000000000000000000000000
101110110001100000011101000010101010101011111010000000000000000000000000
101110110001100000011101000010101010101011111010000000000000000000000000
